tree_goals:
  - {x: 1.0, y: 0.0}
  - {x: 2.0, y: 0.0}
  - {x: 3.0, y: 0.0}

arm_ee_goal:
  - [0.1792, -0.6239, 0.0672, 0.1690, -0.9791, 0.1127, -0.8358, -0.2030, -0.5101, 0.5223, -0.0080, -0.8527]   
  - [-0.1143, -0.7180, 0.1432, -0.1256, -0.9816, -0.1439, -0.8546, 0.1807, -0.4869, 0.5039, 0.0618, -0.8615] 
  - [-0.3873, -0.5909, 0.0958, -0.4729, -0.7717, -0.4252, -0.6975, 0.6227, -0.3546, 0.5385, 0.1289, -0.8327]

arm_home_ee:
  - [-0.0842, -0.2378, 0.8343, -0.1002, -0.9921, -0.0750, -0.5427, 0.1177, -0.8317, 0.8339, -0.0426, -0.5502] 


# joint_positions:
#   - [0.02, -0.75, 0.016, -2.36, -0.01, 1.56, 0.77]  
#   - [0.02, -0.75, 0.016, -2.36, -0.01, 1.56, 0.87]
  # - [1.256, 1.225, -0.683, -1.33, -2.41, 1.19, 0.595]
  # publishing #4: std_msgs.msg.Float64MultiArray(layout=std_msgs.msg.MultiArrayLayout(dim=[], data_offset=0), data=[0.7, 0.0, 0.5, 1.0, 0.0, 0.0, 0.0, 1.0, 0.0, 0.0, 0.0, 1.0])



temperature_threshold: 10.0

home_joint_position: [0.0, -0.8, 1.2, 0.3, 0.0, 0.0]
